10 1.3
20 6.38
30 15.06
40 26.7
50 42.04
60 61.42
70 83.66
80 107.34
90 137.82
100 170
110 204.92
120 243.56
130 285.58
140 330.14
150 378.52
160 430
170 492
180 552.04
190 614.56
200 681.22
210 749.62
220 823.96
230 897.54
240 977.24
250 1058.14
260 1145.04
270 1234.5
280 1328.6
290 1419.64
300 1543.04
310 1627.22
320 1723.24
330 1856.14
340 1980.52
350 2091.84
360 2212.42
370 2335.64
380 2471.12
390 2593.6
400 2724.38
410 2863.96
420 3005.06
430 3150.18
440 3305.88
450 3445.98
460 3601.92
470 3766.44
480 3925.6
490 4079.42
500 4256.82
